community	fun
1	0.0017625
1,2,3	0.11505
1,2,3,4	0.133
1,2,3,4,5	0.15755
1,2,3,4,5,6,7	0.22115
1,2,3,4,5,6,7,8	0.21345
1,2,3,4,5,6,8	0.14045
1,2,3,4,5,7	0.2273
1,2,3,4,5,7,8	0.22215
1,2,3,4,5,8	0.14265
1,2,3,4,6	0.14265
1,2,3,4,6,7	0.24185
1,2,3,4,6,7,8	0.26105
1,2,3,4,6,8	0.14505
1,2,3,4,7,8	0.28205
1,2,3,4,8	0.16325
1,2,3,5	0.13435
1,2,3,5,6,7	0.2187
1,2,3,5,6,7,8	0.20375
1,2,3,5,6,8	0.14585
1,2,3,5,7	0.22465
1,2,3,5,7,8	0.22575
1,2,3,6	0.1321
1,2,3,6,7	0.25525
1,2,3,6,8	0.16435
1,2,3,7	0.280683333333333
1,2,3,7,8	0.2559
1,2,3,8	0.1743
1,2,4	0.19675
1,2,4,5	0.18445
1,2,4,5,6	0.139583333333333
1,2,4,5,6,7,8	0.21575
1,2,4,5,6,8	0.16645
1,2,4,5,7	0.27395
1,2,4,6	0.1175
1,2,4,6,7	0.23845
1,2,4,6,8	0.159416666666667
1,2,4,7	0.2773
1,2,4,7,8	0.27635
1,2,4,8	0.2246
1,2,5	0.15895
1,2,5,6	0.13735
1,2,5,6,7	0.215883333333333
1,2,5,6,7,8	0.23915
1,2,5,6,8	0.12685
1,2,5,7	0.2532
1,2,5,7,8	0.21555
1,2,5,8	0.17095
1,2,6	0.17295
1,2,6,7	0.259116666666667
1,2,6,7,8	0.236216666666667
1,2,6,8	0.17825
1,2,7	0.2961
1,2,7,8	0.28785
1,3	0.00495
1,3,4	0.10635
1,3,4,5	0.13875
1,3,4,5,6	0.14195
1,3,4,5,6,7	0.26405
1,3,4,5,6,7,8	0.21455
1,3,4,5,6,8	0.1401
1,3,4,5,7	0.26325
1,3,4,5,7,8	0.22005
1,3,4,5,8	0.14835
1,3,4,6	0.09905
1,3,4,7	0.2691
1,3,4,8	0.15315
1,3,5,6,7	0.24375
1,3,5,6,7,8	0.237
1,3,5,6,8	0.10845
1,3,5,7	0.25255
1,3,5,7,8	0.2648
1,3,5,8	0.11545
1,3,6	0.0537833333333333
1,3,6,7	0.26505
1,3,6,8	0.10245
1,3,7	0.2692
1,4	0.13555
1,4,5	0.16315
1,4,5,6	0.1406
1,4,5,6,7	0.257416666666667
1,4,5,6,7,8	0.27315
1,4,5,6,8	0.1463
1,4,5,7	0.27195
1,4,5,7,8	0.25625
1,4,5,8	0.15755
1,4,6	0.101216666666667
1,4,6,7	0.27915
1,4,6,7,8	0.27545
1,4,6,8	0.13485
1,4,7	0.3029
1,4,7,8	0.31335
1,4,8	0.194316666666667
1,5	0.13855
1,5,6	0.13045
1,5,6,7	0.2251
1,5,6,7,8	0.23835
1,5,6,8	0.12275
1,5,7	0.20675
1,5,7,8	0.29605
1,5,8	0.12985
1,6	0.00505
1,6,7	0.293175
1,6,7,8	0.29155
1,6,8	0.1323
1,7	0.31225
1,7,8	0.2951
1,8	0.16975
2	0.2912875
2,3	0.18645
2,3,4	0.17425
2,3,4,5	0.12785
2,3,4,5,6	0.15625
2,3,4,5,6,7	0.17915
2,3,4,5,6,7,8	0.21725
2,3,4,5,6,8	0.14065
2,3,4,5,7	0.29215
2,3,4,5,7,8	0.22435
2,3,4,5,8	0.16345
2,3,4,6	0.10595
2,3,4,6,7	0.24495
2,3,4,6,7,8	0.2479
2,3,4,6,8	0.17465
2,3,4,7	0.26525
2,3,4,7,8	0.26475
2,3,4,8	0.2085
2,3,5,6	0.12745
2,3,5,6,7	0.2255
2,3,5,6,7,8	0.23835
2,3,5,7	0.22955
2,3,5,7,8	0.248516666666667
2,3,5,8	0.14515
2,3,6	0.14955
2,3,6,7	0.2782
2,3,6,7,8	0.26415
2,3,6,8	0.17725
2,3,7	0.254625
2,3,7,8	0.273716666666667
2,3,8	0.18575
2,4	0.27415
2,4,5	0.23105
2,4,5,6	0.15975
2,4,5,6,7	0.25325
2,4,5,6,7,8	0.2437
2,4,5,7	0.3284
2,4,5,7,8	0.29905
2,4,5,8	0.22725
2,4,6	0.1706
2,4,6,7	0.28525
2,4,6,7,8	0.26975
2,4,6,8	0.18995
2,4,7	0.4034
2,4,7,8	0.389216666666667
2,4,8	0.30075
2,5	0.24135
2,5,6,7	0.25685
2,5,6,7,8	0.2457
2,5,6,8	0.14275
2,5,7	0.33555
2,5,7,8	0.38995
2,5,8	0.24095
2,6,7	0.27825
2,6,7,8	0.30035
2,6,8	0.17715
2,7	0.40315
2,7,8	0.25375
2,8	0.31495
3	0.00373888888888889
3,4	0.13905
3,4,5,6	0.13755
3,4,5,6,7	0.21915
3,4,5,7	0.22605
3,4,5,7,8	0.25155
3,4,5,8	0.14875
3,4,6	0.12055
3,4,6,7	0.31125
3,4,6,7,8	0.26415
3,4,7	0.2633
3,4,7,8	0.27375
3,4,8	0.16535
3,5	0.12865
3,5,6	0.13085
3,5,6,7	0.23215
3,5,6,7,8	0.236783333333333
3,5,6,8	0.12025
3,5,7	0.20507
3,5,7,8	0.25543
3,5,8	0.13205
3,6	0.0609833333333333
3,6,7	0.2883
3,6,8	0.1519
3,7	0.302133333333333
3,7,8	0.2778
3,8	0.09925
4	0.2718125
4,5	0.25495
4,5,6	0.14625
4,5,6,7	0.2761
4,5,6,7,8	0.20935
4,5,6,8	0.14385
4,5,7	0.36095
4,5,7,8	0.36615
4,5,8	0.2322
4,6	0.11365
4,6,7	0.2985
4,6,7,8	0.29435
4,6,8	0.1551
4,7	0.419
4,7,8	0.34785
4,8	0.32735
5	0.227661111111111
5,6	0.13085
5,6,7	0.23945
5,6,7,8	0.29815
5,6,8	0.13645
5,7	0.38785
5,7,8	0.33265
5,8	0.217916666666667
6	0.0021125
6,7	0.31455
6,7,8	0.30555
6,8	0.14575
7	0.46461
7,8	0.403175
8	0.131905555555556
