community	fun
1	0.0021375
1,2,3	0.1901
1,2,3,4	0.1663
1,2,3,4,5	0.1775
1,2,3,4,5,6,7	0.1895
1,2,3,4,5,6,7,8	0.2252
1,2,3,4,5,6,8	0.1653
1,2,3,4,5,7	0.21055
1,2,3,4,5,7,8	0.221
1,2,3,4,5,8	0.1745
1,2,3,4,6	0.1961
1,2,3,4,6,7	0.2237
1,2,3,4,6,7,8	0.2523
1,2,3,4,6,8	0.175866666666667
1,2,3,4,7,8	0.262
1,2,3,4,8	0.2009
1,2,3,5	0.17895
1,2,3,5,6,7	0.22635
1,2,3,5,6,7,8	0.21415
1,2,3,5,6,8	0.1991
1,2,3,5,7	0.2381
1,2,3,5,7,8	0.2342
1,2,3,6	0.15805
1,2,3,6,7	0.2332
1,2,3,6,8	0.1812
1,2,3,7	0.256866666666667
1,2,3,7,8	0.2527
1,2,3,8	0.22
1,2,4	0.22845
1,2,4,5	0.2316
1,2,4,5,6	0.193666666666667
1,2,4,5,6,7,8	0.1769
1,2,4,5,6,8	0.2035
1,2,4,5,7	0.231
1,2,4,6	0.1985
1,2,4,6,7	0.2581
1,2,4,6,8	0.186966666666667
1,2,4,7	0.2655
1,2,4,7,8	0.26835
1,2,4,8	0.25805
1,2,5	0.2273
1,2,5,6	0.2021
1,2,5,6,7	0.2031
1,2,5,6,7,8	0.2291
1,2,5,6,8	0.148
1,2,5,7	0.2702
1,2,5,7,8	0.2555
1,2,5,8	0.2443
1,2,6	0.2123
1,2,6,7	0.256366666666667
1,2,6,7,8	0.274366666666667
1,2,6,8	0.2102
1,2,7	0.27155
1,2,7,8	0.267
1,3	0.0048
1,3,4	0.09125
1,3,4,5	0.1535
1,3,4,5,6	0.1535
1,3,4,5,6,7	0.2255
1,3,4,5,6,7,8	0.1684
1,3,4,5,6,8	0.15215
1,3,4,5,7	0.227666666666667
1,3,4,5,7,8	0.2326
1,3,4,5,8	0.1608
1,3,4,6	0.0859
1,3,4,7	0.25755
1,3,4,8	0.1743
1,3,5,6,7	0.2139
1,3,5,6,7,8	0.22295
1,3,5,6,8	0.1141
1,3,5,7	0.2113
1,3,5,7,8	0.2019
1,3,5,8	0.1183
1,3,6	0.0038
1,3,6,7	0.2657
1,3,6,8	0.0856
1,3,7	0.211475
1,4	0.1161
1,4,5	0.194
1,4,5,6	0.15415
1,4,5,6,7	0.2303
1,4,5,6,7,8	0.282
1,4,5,6,8	0.16075
1,4,5,7	0.2374
1,4,5,7,8	0.2536
1,4,5,8	0.1986
1,4,6	0.0945666666666667
1,4,6,7	0.2265
1,4,6,7,8	0.2515
1,4,6,8	0.14345
1,4,7	0.2718
1,4,7,8	0.3246
1,4,8	0.203233333333333
1,5	0.1526
1,5,6	0.155
1,5,6,7	0.2159
1,5,6,7,8	0.2439
1,5,6,8	0.1425
1,5,7	0.2076
1,5,7,8	0.2714
1,5,8	0.134
1,6	0.0041
1,6,7	0.2837
1,6,7,8	0.2955
1,6,8	0.1236
1,7	0.302866666666667
1,7,8	0.29705
1,8	0.1412
2	0.311075
2,3	0.2015
2,3,4	0.1926
2,3,4,5	0.176
2,3,4,5,6	0.1738
2,3,4,5,6,7	0.2173
2,3,4,5,6,7,8	0.20105
2,3,4,5,6,8	0.1652
2,3,4,5,7	0.2532
2,3,4,5,7,8	0.2173
2,3,4,5,8	0.1788
2,3,4,6	0.1159
2,3,4,6,7	0.2358
2,3,4,6,7,8	0.246
2,3,4,6,8	0.193
2,3,4,7	0.2534
2,3,4,7,8	0.25105
2,3,4,8	0.21355
2,3,5,6	0.1533
2,3,5,6,7	0.21095
2,3,5,6,7,8	0.2254
2,3,5,7	0.2184
2,3,5,7,8	0.2176
2,3,5,8	0.1721
2,3,6	0.186666666666667
2,3,6,7	0.2633
2,3,6,7,8	0.2627
2,3,6,8	0.213866666666667
2,3,7	0.2287
2,3,7,8	0.262966666666667
2,3,8	0.2166
2,4	0.2943
2,4,5	0.2624
2,4,5,6	0.1961
2,4,5,6,7	0.2177
2,4,5,6,7,8	0.21095
2,4,5,7	0.35005
2,4,5,7,8	0.3336
2,4,5,8	0.2903
2,4,6	0.1996
2,4,6,7	0.2632
2,4,6,7,8	0.24795
2,4,6,8	0.23715
2,4,7	0.4141
2,4,7,8	0.377133333333333
2,4,8	0.3241
2,5	0.2751
2,5,6,7	0.2563
2,5,6,7,8	0.261
2,5,6,8	0.1856
2,5,7	0.3101
2,5,7,8	0.3557
2,5,8	0.2919
2,6,7	0.2472
2,6,7,8	0.2806
2,6,8	0.2283
2,7	0.36525
2,7,8	0.3152
2,8	0.3024
3	0.00198888888888889
3,4	0.1364
3,4,5,6	0.1554
3,4,5,6,7	0.1755
3,4,5,7	0.2167
3,4,5,7,8	0.1975
3,4,5,8	0.1712
3,4,6	0.0949
3,4,6,7	0.2641
3,4,6,7,8	0.2468
3,4,7	0.208425
3,4,7,8	0.2794
3,4,8	0.1703
3,5	0.142
3,5,6	0.13375
3,5,6,7	0.2361
3,5,6,7,8	0.2222
3,5,6,8	0.1273
3,5,7	0.20004
3,5,7,8	0.24862
3,5,8	0.12095
3,6	0.0039
3,6,7	0.266133333333333
3,6,8	0.1103
3,7	0.269066666666667
3,7,8	0.262325
3,8	0.1062
4	0.29195
4,5	0.274
4,5,6	0.16425
4,5,6,7	0.2679
4,5,6,7,8	0.2241
4,5,6,8	0.1736
4,5,7	0.3354
4,5,7,8	0.36555
4,5,8	0.2855
4,6	0.0948
4,6,7	0.2598
4,6,7,8	0.2658
4,6,8	0.16455
4,7	0.38585
4,7,8	0.40225
4,8	0.31865
5	0.268411111111111
5,6	0.1568
5,6,7	0.202
5,6,7,8	0.2683
5,6,8	0.1392
5,7	0.377
5,7,8	0.392525
5,8	0.267933333333333
6	0.00175
6,7	0.299966666666667
6,7,8	0.28425
6,8	0.1299
7	0.49566
7,8	0.46665
8	0.147844444444444
