mean_coeff	sd_coeff	sd_scale	rs	R2_stitching	R2.identity_stitching	relError.mean_topbot10_stitching	relError.sd_topbot10_stitching	R2_topbot10_stitching	R2.identity_topbot10_stitching	R2_reg1	R2.identity_reg1	relError.mean_topbot10_reg1	relError.sd_topbot10_reg1	R2_topbot10_reg1	R2.identity_topbot10_reg1	R2_reg2	R2.identity_reg2	relError.mean_topbot10_reg2	relError.sd_topbot10_reg2	R2_topbot10_reg2	R2.identity_topbot10_reg2
-1	0.1	0.4	1.59351561132924	0.353377326533812	-5.42979257432232	0.902598532584981	2.2386062866631	0.441860342597112	-6.14472170007677	0.382516034410694	0.335253025801006	0.114853738644071	0.152842617344564	0.366203738051057	0.277639424679943	0.414615334161238	0.35937173566516	0.132623361831379	0.163334637682191	0.398376535577124	0.306580385637684
-0.333333333333333	0.1	0.4	1.58321562531278	0.51447697267519	-0.680979000749733	0.712087697813127	1.20050366649157	0.596085241812647	-0.787164774653762	0	-0.0383159415293832	0.999734930394812	0.111014412544069	0	-0.0115125090996766	0	-0.0383159415293832	0.999734930394812	0.111014412544069	0	-0.0115125090996766
0.333333333333333	0.1	0.4	1.91607862983909	0.254693914871715	0.228425400098383	0.33255777185713	0.178988622056377	0.290052601342627	0.184029276109	0.324000208896489	0.25607534261257	0.326103695503657	0.186339525663272	0.351522785916959	0.209691045964171	0.359126179224082	0.280640917616034	0.339045271200311	0.190571446340725	0.395977416618911	0.242449468984389
1	0.1	0.4	1.66445477491596	0.342437654512536	0.310690307082172	0.103340385976465	0.159315510582394	0.335961621024171	0.256308353175143	0.367745000730685	0.325205905759517	0.108614591747816	0.157557029002768	0.354444062817474	0.265388234559714	0.395729821568659	0.345549438656692	0.141546864919635	0.151393671961787	0.383600469373264	0.288661634139393
-1	0.366666666666667	0.4	1.46929376197154	0.375342167252658	0.353971201448663	0.34932885470603	0.205122645567062	0.428761284882504	0.299960538516739	0.456238976882106	0.4157481258882	0.247909886952897	0.176930550822518	0.467748607729201	0.365596868736404	0.49363652399562	0.425378796062648	0.328080910482922	0.207349920702161	0.513378065041078	0.380178116354028
-0.333333333333333	0.366666666666667	0.4	2.44226206842068	0.113057500161408	0.0989577159817971	0.80751445556962	0.368515085392769	0.194163309651817	0.144208729650438	0.0816157995270089	0.0241156094071778	0.965668813509727	0.0616580009304983	0.181642245654967	0.00831317291728828	0.156296737299534	0.0820778191937437	0.923640072615141	0.101353250465597	0.329718074874614	0.0627229606056936
0.333333333333333	0.366666666666667	0.4	1.98185950615056	0.238828895178282	0.219176987086569	0.690120056541755	0.273658170028157	0.316486014651122	0.207609789288315	0	-0.0690096737271608	0.99457789068422	0.102407941091339	0	-0.0136484450589236	0	-0.0690096737271608	0.99457789068422	0.102407941091339	0	-0.0136484450589236
1	0.366666666666667	0.4	1.84642816665498	0.65902194371345	-0.0758707899707964	0.650999780428866	0.726488966598362	0.777276840727625	0.0430380377325881	0.316942516125541	0.254132146919505	0.413486801273915	0.219335241900637	0.382434902389762	0.217004795353797	0.351774006653158	0.274878068203092	0.465751490420057	0.177892531297967	0.458640979245219	0.249439693446487
-1	0.633333333333333	0.4	1.97978912009281	0.204234664765071	0.203135886749566	0.571982146497504	0.370262429946278	0.261629023561705	0.196554478589521	0.23919105693779	0.193496788949633	0.704340267330877	0.235844125186102	0.365243855407637	0.176404973039345	0.2434076759132	0.184680955884133	0.745904566441897	0.195441601653358	0.42251194701579	0.17440676190062
-0.333333333333333	0.633333333333333	0.4	1.30683643781118	0.548478515426574	0.460105458233798	0.41604540766047	0.309528713526931	0.807163261749285	0.783650110129178	0.445874670809613	0.394149034382663	0.702877990038638	0.207635672242052	0.71138716833815	0.433690583254859	0.425779921164454	0.362435872876833	0.72225024382748	0.225976584628058	0.637882606299372	0.415995163061132
0.333333333333333	0.633333333333333	0.4	1.7701202945421	0.326069394954559	0.266522563246739	0.467441914513672	0.269450300761603	0.65408272504349	0.579473182242446	0.489968563446909	0.292148976931423	0.807965201880459	0.103348714662754	0.835460479414609	0.324467049815835	0.490943956153712	0.293484641830574	0.806986836258949	0.111508527077763	0.82900178544666	0.325644700792515
1	0.633333333333333	0.4	2.35081294489739	0.209613651865711	0.188605121804256	0.626905511204172	0.326657324294023	0.259123723845405	0.146280934779463	0.286788605043709	0.248784550716985	0.608496346128367	0.283070119697408	0.36173771525079	0.206479632925274	0.283674857017107	0.262570330571735	0.575932989055879	0.342703778515108	0.366431943778399	0.251799905659593
-1	0.9	0.4	2.18075692775715	0.318060701476769	-1.01334513532162	0.672300230499707	0.584456597734925	0.568289306578321	0.33577728238526	0.293047016832869	0.22358165397602	0.688989325231207	0.207219108517941	0.369863818939545	0.183307641498008	0.306243774262569	0.194697037346505	0.764639533565965	0.175769475802133	0.444132107190344	0.17428722692374
-0.333333333333333	0.9	0.4	2.75874113111695	0.0812818738987706	-0.140876930160695	0.857598105543824	0.318062709960409	0.180414089264407	0.130288089105501	0.135887164671183	0.130548007211434	0.886268086330861	0.192596261493048	0.322067182425794	0.171985586230903	0.136069893493024	0.130703997279203	0.886338078195124	0.19268468016385	0.321662440494365	0.171795476835822
0.333333333333333	0.9	0.4	1.8714254084536	0.367188568747771	0.346924754859356	0.703161823550482	0.261550269947342	0.55007772398584	0.416616352370296	0.343376809379288	0.30690911289843	0.744152839379181	0.173560370617856	0.712732751122307	0.376127698058253	0.335838821062321	0.315716895479338	0.707272544587065	0.223497403438944	0.66099987589334	0.412152360510801
1	0.9	0.4	1.64119723360058	0.381228823158563	0.368599706159193	0.475034597639238	0.222805756983103	0.559443717476955	0.400565831512165	0.447358945419082	0.368876921999859	0.549860888901241	0.159747864720458	0.587723514872998	0.365023871291931	0.458722869002718	0.304549411534267	0.675754641194134	0.169265742262447	0.625120025696044	0.293271791491392
-1	0.1	1.33886590016434	2.34354940076059	0.526043528491804	0.369426405740889	0.516655120252424	0.315611294596213	0.615823260362392	0.308683941391255	0.227267377776533	0.104911805701813	0.87403247353325	0.219070444226326	0.411872459166808	0.00211951064887239	0.60921245913776	0.540783994080396	0.163433870666467	0.152424891393238	0.639109180212228	0.480912540814684
-0.333333333333333	0.1	1.33886590016434	2.46231747723451	0.702533815353082	-0.158953427085799	0.604553305390454	0.501033460520587	0.866601593702974	-0.0817272369563844	0.133391181710084	0.0777594482282088	0.827910446551168	0.197275684107698	0.324836668523113	0.0219241248503877	0.549873687574864	0.469973789140824	0.298643198054591	0.224474429115221	0.599161632785933	0.430385578014795
0.333333333333333	0.1	1.33886590016434	2.2077927087544	0.670887297770353	-0.238895032838823	0.581578882874881	0.454514373879735	0.777008268585562	0.0317931316871691	0	-0.13410539117584	1.11513352113773	0.395438065771083	0	-0.000378073254676314	0	-0.13410539117584	1.11513352113773	0.395438065771083	0	-0.000378073254676314
1	0.1	1.33886590016434	2.47059473052139	0.74805098669587	0.571961011949305	0.339428507458597	0.221172611193225	0.80125691776391	0.530672032917678	0	-0.112790421034133	1.18828909385905	0.40023675895856	0	-0.0648330060820168	0	-0.112790421034133	1.18828909385905	0.40023675895856	0	-0.0648330060820168
-1	0.366666666666667	1.33886590016434	3.50026890952336	0.52023517362318	0.488523055027146	0.746793933606847	0.343239705615454	0.641329531782555	0.560533334726003	0.0731322691278807	0.0199506451825344	1.01163187469696	0.118616439345773	0.242503412788372	-0.046858553093942	0.448440257335232	0.387853163661797	0.447601798321272	0.230085136566452	0.598018721875707	0.377254924943572
-0.333333333333333	0.366666666666667	1.33886590016434	2.5442241228006	0.274795612169662	0.242991256447104	0.732852962518716	0.416710166666962	0.445292793591832	0.412615711574558	0.124521187429896	0.0350057815233091	0.972329094420358	0.0463733252742858	0.307428063899293	0.00640647250334703	0.276526469209502	0.19486325001	0.847924765574198	0.147089879884036	0.572647915805787	0.190261109329557
0.333333333333333	0.366666666666667	1.33886590016434	2.37210025796373	0.194200231496501	0.135627174338563	0.608084309768738	0.335140358758103	0.377706997389412	0.171446377603775	0.0476471051089234	0.0444835682712859	0.886198834141637	0.180978401204693	0.107101941486269	0.035126289622013	0.320590208836663	0.309825600129294	0.601298893730129	0.273483210854511	0.513392708471077	0.334801504678276
1	0.366666666666667	1.33886590016434	2.71105938106118	0.472431165991219	0.368831031786792	0.557573507320504	0.302380224143435	0.598722279495704	0.342190699956627	0	-0.068555384266245	1.08172016387795	0.314508589180709	0	-0.00655148105316483	0	-0.068555384266245	1.08172016387795	0.314508589180709	0	-0.00655148105316483
-1	0.633333333333333	1.33886590016434	2.33785365726286	0.296642433865944	0.214020357625645	0.823154480827905	0.184697601879232	0.648389750773009	0.21419825476989	0.103266318759505	0.0308342408267132	0.992190882480065	0.0996739728433051	0.23666437607954	-0.0329198140938221	0.431911497807196	0.346756832529665	0.682221539322678	0.288733298184903	0.57642669415115	0.310319114165844
-0.333333333333333	0.633333333333333	1.33886590016434	3.37900825361671	0.240463234886508	0.223790636400268	0.753562824601716	0.248686186019726	0.429274193190811	0.268700593741537	0	-0.0363641735730775	0.997619574491616	0.0505817654386062	0	-0.0137244718810683	0.410857934576774	0.380565071143302	0.657200750419929	0.255352157019217	0.671459689564905	0.465030906348926
0.333333333333333	0.633333333333333	1.33886590016434	2.10710793278367	0.157215708996328	0.147322177235528	0.818423760699723	0.203760113727062	0.414048659684212	0.254658595781546	0.239506501080786	0.213797154637619	0.787914173544721	0.23337328642055	0.580413970175495	0.311574960935517	0.299670320841285	0.253167305894465	0.715466515769079	0.336687811927093	0.57328459727491	0.469758379491505
1	0.633333333333333	1.33886590016434	2.31247022771022	0.14661418220959	0.0547381258539897	0.812561731263248	0.691418573059852	0.322626433394982	0.269959352915439	0	-0.0706806010791712	1.03429414572279	0.205792769363358	0	-0.000638313873297713	0.440465376579508	0.344583112397447	0.721521869070048	0.283500546166809	0.854772636274415	0.494726209270188
-1	0.9	1.33886590016434	3.03225180599374	0.214252079604699	0.206568525679952	0.760229019573776	0.279398548109721	0.460465657570738	0.235479483824002	0.154264879207386	0.145590207514905	0.859791846253346	0.293252586712208	0.263381978629889	0.139435356564492	0.339626664157363	0.324480950599981	0.591774501514694	0.476899155681683	0.504550633729807	0.407393534877612
-0.333333333333333	0.9	1.33886590016434	3.44346945746999	0.225213957674346	0.140296101880197	0.744483868143369	0.23110165563041	0.611660541830715	0.413211997847462	0.0733932968798647	0.0348886857077407	0.957464052793708	0.179582954551895	0.213847919025313	0.0630872364697672	0.195086593403079	0.167588754995277	0.791644057242137	0.362093805574908	0.409483758183997	0.316725945116542
0.333333333333333	0.9	1.33886590016434	2.50559401068357	0.297835016177219	0.275718264463948	0.699017805986355	0.264484575707076	0.533768476956978	0.442206111822932	0	-0.0337725776858144	1.00954416456649	0.0856122238005173	0	-0.00145387858469692	0.386219786879975	0.351934851661078	0.716655447502103	0.263450682355059	0.674573876502395	0.465588308298095
1	0.9	1.33886590016434	3.37023726313846	0.291731375539555	0.216615259500231	0.708518738562915	0.257137868151372	0.626293730828033	0.251511285363197	0.0999937682017137	0.0663276804552173	0.922046091634487	0.132963186022229	0.290237135700063	0.071509261121059	0.388217182232763	0.383644441686887	0.392313200223985	0.22820822189747	0.683181853895512	0.494875537973378
-1	0.1	4.48140474655716	5.68335720714426	0.0791991786037337	0.0214584595826208	0.852390562449251	0.263075277085035	0.568436613570183	-0.0278957206303656	0	-0.00929421696899735	1.00348031934871	0.0301038851740574	0	-0.0642597254686892	0	-0.00929421696899735	1.00348031934871	0.0301038851740574	0	-0.0642597254686892
-0.333333333333333	0.1	4.48140474655716	5.87030536527913	0.0259613275023098	0.0158912362495769	1.02606418310869	0.172089340234481	0.175059950116417	-0.0199523694328796	0	-0.00637202353323096	0.997844835098875	0.0259622321422625	0	-0.0430419647455893	0	-0.00637202353323096	0.997844835098875	0.0259622321422625	0	-0.0430419647455893
0.333333333333333	0.1	4.48140474655716	7.05601742374069	0.0217165444686652	-3.65898820836684	1.48228926133604	2.14651931849	0.0267150316658298	-4.357804311412	0	-0.00644248667125802	1.00298328616996	0.0261259473755975	0	-0.0346987089732511	0	-0.00644248667125802	1.00298328616996	0.0261259473755975	0	-0.0346987089732511
1	0.1	4.48140474655716	5.59277735951685	0.162263928435422	0.1069524203393	0.903267629176056	0.316024456435005	0.147475984506362	-0.00612215801898541	0	-0.0108316781493005	0.992817811391229	0.0431661427478977	0	-0.0678148330290169	0	-0.0108316781493005	0.992817811391229	0.0431661427478977	0	-0.0678148330290169
-1	0.366666666666667	4.48140474655716	6.3073589062425	0.012257327280654	-0.0039889086865017	0.965069170476118	0.132552311160527	0.0550739877849962	-0.034629934908073	0	-0.000911545687085846	1.00094248712829	0.0330376013279944	0	-0.0272931842694872	0	-0.000911545687085846	1.00094248712829	0.0330376013279944	0	-0.0272931842694872
-0.333333333333333	0.366666666666667	4.48140474655716	6.01281084720065	0.0511266480253215	-0.0106951137469538	0.964963437941129	0.234850196358067	0.175729162177876	0.0434175968099295	0	-0.0162604533638222	1.00107526309244	0.00859252507162502	0	-0.0283374603565447	0	-0.0162604533638222	1.00107526309244	0.00859252507162502	0	-0.0283374603565447
0.333333333333333	0.366666666666667	4.48140474655716	7.24409427630068	0.00606042815318369	0.00217281458009611	0.981144641821605	0.109195146212033	0.0742533131282071	0.0164340556082948	0	-0.00150808405116454	0.999010784891946	0.0373474850101859	0	-0.0058967943275916	0	-0.00150808405116454	0.999010784891946	0.0373474850101859	0	-0.0058967943275916
1	0.366666666666667	4.48140474655716	6.5443815312418	0.00149309937805289	-0.740611982495635	1.03923415975254	0.41879503969548	0.00173003065440767	-0.809563335737992	0	-0.000936593659774276	1.00844285258276	0.0755953918751055	0	-0.03293632497488	0	-0.000936593659774276	1.00844285258276	0.0755953918751055	0	-0.03293632497488
-1	0.633333333333333	4.48140474655716	5.9469831183037	0.00014908033731777	-0.014101414927832	1.01463624073329	0.168267453285939	0.000807946780722186	-0.0577470955596149	0	-0.0446926787492641	0.967356333862317	0.201152666166717	0	-0.086895945809953	0	-0.0446926787492641	0.967356333862317	0.201152666166717	0	-0.086895945809953
-0.333333333333333	0.633333333333333	4.48140474655716	5.15781840092854	0.0112376371303782	-0.0168074489947911	0.97808001683944	0.143120153903101	0.0485423577656591	0.027938262773427	0	-0.00090062020496795	1.01431394699472	0.0942203542990767	0	-0.0167842058414187	0	-0.00090062020496795	1.01431394699472	0.0942203542990767	0	-0.0167842058414187
0.333333333333333	0.633333333333333	4.48140474655716	11.6788199553888	0.059521488777114	-0.0639589576948185	0.926710014020735	0.288115207597596	0.10410398755041	0.0391187616180675	0	-0.00647684642841018	1.00109463579424	0.0466081841642645	0	-0.00255261856515498	0	-0.00647684642841018	1.00109463579424	0.0466081841642645	0	-0.00255261856515498
1	0.633333333333333	4.48140474655716	6.70587216423503	0.00437768788785536	-0.439449985513107	1.08300095115916	0.442632156080871	0.00803343563252981	-0.203323737597322	0	-0.00101099278746419	1.00271963946944	0.17854313221359	0	-0.0062266670851554	0	-0.00101099278746419	1.00271963946944	0.17854313221359	0	-0.0062266670851554
-1	0.9	4.48140474655716	4.57415473285433	0.000299528817359089	-0.0304306883735452	0.985078453331204	0.265856480875959	0.0012506372932651	-0.0137682416061731	0	-0.294142585128957	0.991223698285442	0.259299745684871	0	-0.0410777484705072	0	-0.294142585128957	0.991223698285442	0.259299745684871	0	-0.0410777484705072
-0.333333333333333	0.9	4.48140474655716	8.29635331286236	0.0301223671711205	0.0203549061506866	0.948406113011371	0.189860630048158	0.0656891845732745	0.0472834623226297	0	-0.00664841380699555	1.0021508689971	0.0649841812771461	0	-7.57482708602097e-05	0	-0.00664841380699555	1.0021508689971	0.0649841812771461	0	-7.57482708602097e-05
0.333333333333333	0.9	4.48140474655716	7.84238865865274	0.0814814544665194	0.0803323515242829	0.90324590147021	0.143560244119369	0.317495420112899	0.131900327388646	0	-0.000612337491573633	1.00071657815996	0.0284189724506698	0	-2.52819031822948e-05	0	-0.000612337491573633	1.00071657815996	0.0284189724506698	0	-2.52819031822948e-05
1	0.9	4.48140474655716	7.28452549016033	0.00391634023444132	-0.0402850235528636	1.00040835838249	0.130521116548513	0.026497899637998	-0.0459896423757538	0	-0.00907251809824494	1.00044286851228	0.00372752188474294	0	-0.0334483621476573	0	-0.00907251809824494	1.00044286851228	0.00372752188474294	0	-0.0334483621476573
-1	0.1	15	8.10574682136427	0.000158896846975867	-0.0078785241059387	1.0080124272836	0.0498600423980674	1.72689978610827e-05	-0.0340908429177067	0	-0.00724713674923905	1.00166065057241	0.0159649786833232	0	-0.0332442573629004	0	-0.00724713674923905	1.00166065057241	0.0159649786833232	0	-0.0332442573629004
-0.333333333333333	0.1	15	6.54318248698914	0.032547057182359	-0.857031355941137	0.948903724101132	0.287414238662324	0.176207789456789	0.00368568783213463	0	-0.00930445262511914	1.00035245489999	0.00425763728188006	0	-0.0323173068741476	0	-0.00930445262511914	1.00035245489999	0.00425763728188006	0	-0.0323173068741476
0.333333333333333	0.1	15	6.67744328649938	0.0268645495516743	-0.752481983733195	1.05931457455088	0.578532886996983	0.0430072306122451	-0.569401856394368	0	-0.00724067396871075	0.999779956888075	0.00565724924521053	0	-0.0283210529566895	0	-0.00724067396871075	0.999779956888075	0.00565724924521053	0	-0.0283210529566895
1	0.1	15	7.7671146735222	1.96573134880537e-07	-0.00876498115844426	0.990623541180058	0.128333107811017	0.00309145613796155	-0.0336321299436333	0	-4.08859526974331	1.20601259960851	0.916786425661308	0	-1.36799431599429	0	-4.08859526974331	1.20601259960851	0.916786425661308	0	-1.36799431599429
-1	0.366666666666667	15	8.85428000666478	0.00583672013350672	-0.433171380293101	1.05604544502106	0.430243754717739	0.00561204644178383	-0.32568914224436	0	-0.153062706099336	1.00390606678722	0.223671413184208	0	-0.0347000626107099	0	-0.153062706099336	1.00390606678722	0.223671413184208	0	-0.0347000626107099
-0.333333333333333	0.366666666666667	15	9.14565219330907	0.0067132945453396	-0.155947442623198	1.01167867290122	0.151007336555327	0.0328706424361299	-0.0803446822439673	0	-0.0103885217079214	1.00092688037652	0.00922154437973559	0	-0.0270443044352222	0	-0.0103885217079214	1.00092688037652	0.00922154437973559	0	-0.0270443044352222
0.333333333333333	0.366666666666667	15	10.7244503119717	0.0135416081584031	-0.0474270047196816	0.949021004693993	0.192913559416723	0.0548998137596097	0.049522253808589	0	-0.0241684170899423	0.997979450095076	0.0414378751233745	0	-0.0068729789264339	0	-0.0241684170899423	0.997979450095076	0.0414378751233745	0	-0.0068729789264339
1	0.366666666666667	15	7.32166774876443	0.00684618684140929	-0.447541857724278	1.04407266039114	0.304377703221621	0.00128617610413094	-0.222886878305778	0	-0.0119896436672544	0.998724700596967	0.00908905700347636	0	-0.038614090293237	0	-0.0119896436672544	0.998724700596967	0.00908905700347636	0	-0.038614090293237
-1	0.633333333333333	15	15.3319525409646	9.01493416760768e-06	-0.199248405019792	1.00119456045184	0.173786626618763	0.000460323437219034	-0.0377669677396513	0	-0.00954076860340525	0.999984790484119	0.0475019198136969	0	-0.0281728557972762	0	-0.00954076860340525	0.999984790484119	0.0475019198136969	0	-0.0281728557972762
-0.333333333333333	0.633333333333333	15	8.60396015614046	0.0188779333914962	0.0184684032409222	0.97672716466298	0.106024128967123	0.0285806005057917	0.0162096073859157	0	-0.00656965647525443	1.00092510988849	0.0448100431005886	0	-0.000482208289527497	0	-0.00656965647525443	1.00092510988849	0.0448100431005886	0	-0.000482208289527497
0.333333333333333	0.633333333333333	15	11.0944573612231	0.00134910967110898	-0.0668243711688479	0.971616546269491	0.177322183008067	0.00433973218175623	-0.0387004223169369	0	-0.0118260126068532	1.00001857928193	0.0365768975967526	0	-0.00210113082496499	0	-0.0118260126068532	1.00001857928193	0.0365768975967526	0	-0.00210113082496499
1	0.633333333333333	15	9.15500683189275	3.14208501863888e-05	-0.00647634326375357	1.00324994438337	0.112010360953123	0.000611460305366172	-0.018934446905196	0	-0.0152492537632156	0.994756084726163	0.0370396341953895	0	-0.0439878588745177	0	-0.0152492537632156	0.994756084726163	0.0370396341953895	0	-0.0439878588745177
-1	0.9	15	7.61800566465744	0.00143804670247397	-0.230578488989471	1.01581862058035	0.353186756880496	0.00740971212149116	-0.17352587157455	0	-0.0214713757362877	0.998481362626913	0.0518759375141514	0	-0.028603402632793	0	-0.0214713757362877	0.998481362626913	0.0518759375141514	0	-0.028603402632793
-0.333333333333333	0.9	15	24.050063739641	0.00182464255905409	-0.0394849437851517	1.01238428317417	0.0900825529933972	0.00677324033749803	-0.0229704730988876	0	-0.0238546829694175	0.999970820850367	0.0465429692541359	0	-0.00205183572943701	0	-0.0238546829694175	0.999970820850367	0.0465429692541359	0	-0.00205183572943701
0.333333333333333	0.9	15	8.50165222518709	1.34783454719888e-05	-0.0383794017117651	0.99609614705678	0.150566937888603	0.000636323584387062	-0.0221273288739277	0	-0.00874792441239669	1.021585877779	0.148372908072097	0	-3.49441541789286e-05	0	-0.00874792441239669	1.021585877779	0.148372908072097	0	-3.49441541789286e-05
1	0.9	15	9.64249790697565	1.45477985185239e-05	-0.189433715700773	1.00060490979507	0.227379607073025	0.000664230334223665	-0.0589476807498857	0	-0.0240761072933702	0.993709337613184	0.090557426353593	0	-0.0365130051762783	0	-0.0240761072933702	0.993709337613184	0.090557426353593	0	-0.0365130051762783
-1	0.1	0.4	1.57475860481104	0.482314974535552	-2.26511296037458	0.774691955435466	1.7683466991214	0.528239312851153	-3.31623204864236	0.384720958486077	0.341801105715812	0.111597449949603	0.150776632587943	0.370466784074192	0.279034827744714	0.408439196582179	0.365286435990392	0.103070211472308	0.157433930838071	0.396106254106639	0.30663929068337
-0.333333333333333	0.1	0.4	1.35976202912484	0.443322496244146	0.412680011564533	0.231572445332435	0.173211320387658	0.45296292245956	0.365718006249915	0.43614183910691	0.405311439113221	0.223467408187105	0.198843413643701	0.447696109549339	0.355019472649748	0.477550480521794	0.436262205184517	0.267542290893358	0.208151217696983	0.501456204445827	0.397773459093211
0.333333333333333	0.1	0.4	1.41112749772739	0.420798488332577	0.394758243346997	0.212500263512349	0.183661611511536	0.422020017667895	0.33239104408809	0	-0.0767403104881068	0.997928062539701	0.142989448122829	0	-0.0188185208120557	0	-0.0767403104881068	0.997928062539701	0.142989448122829	0	-0.0188185208120557
1	0.1	0.4	1.57640435533942	0.376468267737939	0.343729459612011	0.118146630554649	0.151221263555706	0.365932409198611	0.28622995786313	0	-0.184345794471159	0.994224260756076	0.2208577771757	0	-0.0554860685274383	0	-0.184345794471159	0.994224260756076	0.2208577771757	0	-0.0554860685274383
-1	0.366666666666667	0.4	1.52762517274223	0.346101513577287	0.337178570134774	0.269407574084441	0.255070163531253	0.38730131096963	0.323480242521861	0	-0.0145851423151317	0.999884982556651	0.097904700056441	0	-0.00674445389224343	0	-0.0145851423151317	0.999884982556651	0.097904700056441	0	-0.00674445389224343
-0.333333333333333	0.366666666666667	0.4	2.25089792076265	0.37454534072283	0.341954596112574	0.551148597338258	0.260812309301627	0.687269171240019	0.599173938383505	0.355194288705037	0.285546704115811	0.675738030099335	0.195039305490648	0.523361062936792	0.267572971637261	0.364172590043384	0.28586081688258	0.688074170775339	0.192185179323375	0.55653917290828	0.274073249055206
0.333333333333333	0.366666666666667	0.4	2.69422882429601	0.166108041151077	0.153572709975011	0.64550155152043	0.334397068600759	0.249132735406799	0.203048017619205	0	-0.000139360467332539	0.998942775249361	0.024911578370366	0	-0.00427238601602631	0	-0.000139360467332539	0.998942775249361	0.024911578370366	0	-0.00427238601602631
1	0.366666666666667	0.4	1.62294169061847	0.401817475342457	0.379201529052796	0.303114496529819	0.236376347312508	0.476276255592072	0.36403008045947	0.410874983777572	0.329404700662538	0.414457773275677	0.177476881815982	0.459503237337428	0.275023812113574	0.445750382726916	0.351240342571435	0.449602859866446	0.179996121770604	0.51642571511427	0.309786024564536
-1	0.633333333333333	0.4	1.70580319182163	0.323756819760051	0.316609363135673	0.43640985636267	0.296785956015161	0.369179535392358	0.278784878619192	0	-0.00177416720581669	1.00012495680138	0.00357463473461893	0	-0.00148767769533875	0	-0.00177416720581669	1.00012495680138	0.00357463473461893	0	-0.00148767769533875
-0.333333333333333	0.633333333333333	0.4	3.51353930987098	0.0497758023964935	-0.0199640022066256	0.941010434153676	0.239597406433997	0.109077304254725	0.087446428870091	0	-0.019311016426842	1.00035720667957	0.0242960816433703	0	-2.97803373381367e-05	0	-0.019311016426842	1.00035720667957	0.0242960816433703	0	-2.97803373381367e-05
0.333333333333333	0.633333333333333	0.4	2.57139516252342	0.357646133457652	0.355039344633902	0.56590210555995	0.260843150618917	0.601929025893731	0.446225131484637	0.479175373995156	0.395486496344008	0.715356917721012	0.177954068714461	0.700043903700848	0.340515353189616	0.474175329629394	0.380413978099613	0.732793357517661	0.17087499479934	0.697449641922406	0.321337540311053
1	0.633333333333333	0.4	1.75105734281609	0.386341456885442	0.208463767342302	0.675886339451578	0.594827035307096	0.436308083417478	0.371351124019103	0.361336404278084	0.268572483213659	0.593542231095997	0.205545176556444	0.465920253501485	0.254321810302958	0.374520187010915	0.231918309509314	0.701486655634412	0.195755621950164	0.513094891115255	0.217723884946656
-1	0.9	0.4	1.89605513682043	0.225276799114251	0.217717461121751	0.625211201514473	0.226122668558791	0.406693172664776	0.242111139878946	0.330384746255424	0.268345795638319	0.647674216737127	0.190946781214982	0.489277832232599	0.254827577467685	0.345263494533936	0.258240137032518	0.689036286353215	0.162267556954874	0.560867878588474	0.250595038757523
-0.333333333333333	0.9	0.4	2.44581469664821	0.145607708585715	0.111913929591151	0.836501005933567	0.288850872324491	0.34846753312132	0.24945649824612	0.169376307840811	0.0907083811728598	0.945652846696874	0.0797050742360172	0.466544697254892	0.104130331753482	0.219436436851903	0.157204867363745	0.900336402890873	0.135148238378226	0.46436865564812	0.182251533123815
0.333333333333333	0.9	0.4	3.20229428387608	0.126484275346681	0.10081398143102	0.874065532450504	0.222230575320963	0.292982139066902	0.181585561605014	0	-0.0707819150457436	0.995429116051823	0.0238793542074189	0	-0.0422052649884632	0	-0.0707819150457436	0.995429116051823	0.0238793542074189	0	-0.0422052649884632
1	0.9	0.4	1.67612279890485	0.330248355211232	0.27396232106434	0.599903492424091	0.317341540808595	0.598580373173281	0.56173477333857	0.375321438080681	0.323128928750065	0.6164213522466	0.260529278928028	0.527650601063303	0.320021925257648	0.369509565784781	0.329041873954242	0.622906884414996	0.282656381982996	0.580521653751253	0.344495030921287
-1	0.1	1.33886590016434	2.30002304352107	0.858133991948499	-0.391343202135779	0.792088865425914	0.4822984376549	0.919547349558757	-0.976702301813189	0.267958760870694	0.137402880476303	0.707521632902981	0.145373126643962	0.465448555900935	0.0259021527213967	0.645618733894046	0.54809620228825	0.153023057606697	0.160269999452352	0.643036781420321	0.474818015385952
-0.333333333333333	0.1	1.33886590016434	3.4100912288071	0.665681422814915	0.650939351978627	0.591454429249692	0.371025612833345	0.774626321567288	0.762864780030455	0	-0.00537473055906745	1.03784429819505	0.10754255920253	0	-0.0794138722782161	0.550975875730287	0.418461345830532	0.43190374246265	0.249341059607737	0.644160301290563	0.378552479746608
0.333333333333333	0.1	1.33886590016434	2.19162818717555	0.767894369906496	0.321173021766228	0.558076259447529	0.458569822652423	0.864002992750241	0.374891697781052	0.243827543027737	0.211245004636489	0.575449249815315	0.262323528946552	0.411154920892468	0.175733812975619	0.585274007686712	0.539880946043524	0.2095981307836	0.176539527900265	0.632353933109096	0.512915934751071
1	0.1	1.33886590016434	2.40719641285299	0.531182184870375	0.349172114904526	0.523464623603966	0.244282384066765	0.598338379746497	0.265325927255515	0.24375272664142	0.135636677368661	0.757911439407923	0.199964922390869	0.426389219174503	0.0360457429827008	0.598151651366959	0.499945392478927	0.219710922356867	0.180817948917625	0.610663389648716	0.43443639897518
-1	0.366666666666667	1.33886590016434	2.67646187153814	0.420898353424208	0.319447516349565	0.701459857829912	0.499253852748195	0.592800183794723	0.300045612587172	0.152084708611715	0.0891833958827595	0.998694209393283	0.406359987428059	0.352517154026062	0.0337391065576326	0.525172008666166	0.43918010703227	0.441009174486691	0.402701871900287	0.613166157497879	0.421938941173869
-0.333333333333333	0.366666666666667	1.33886590016434	3.0497773016225	0.0844233962138555	-0.48907844460906	0.835910776861652	0.378114205928914	0.293926199426832	0.237899431086275	0	-0.000162372573717651	1.00783284568208	0.0910519630665018	0	-0.0125019039802272	0.147284001821905	0.126674366302135	0.860655921443556	0.233957167517558	0.303489997365299	0.146334548360751
0.333333333333333	0.366666666666667	1.33886590016434	2.70753869501918	0.444246371542345	0.382584205578755	0.663664464729841	0.308006919258265	0.644220876866438	0.426497982596355	0.209664048993447	0.20758015810558	0.828143705430627	0.352329773192084	0.40996281257503	0.267496625848905	0.495618395207889	0.493647824973103	0.448662627045824	0.306540440038673	0.752523897535751	0.628261275665809
1	0.366666666666667	1.33886590016434	1.87794561404734	0.415449312868741	0.338306831923197	0.426411306884296	0.262977842981398	0.551819090200979	0.27629576027141	0.243158259610587	0.144021865774079	0.720667512429692	0.224534003453444	0.465991260612796	0.0603153635334577	0.475799522493558	0.368485592196112	0.44453063991963	0.224549910138485	0.592985174733712	0.316862405138923
-1	0.633333333333333	1.33886590016434	2.56611975347788	0.234713676881089	0.195396527827426	0.733708043506793	0.316465242998591	0.2973530424768	0.136793388230468	0.155923519345911	0.124024409230995	0.807069016615202	0.182898878745927	0.435488102139323	0.138483601344127	0.401423572034036	0.368573835797195	0.475393772573326	0.244777347797296	0.593604970755799	0.399821016957692
-0.333333333333333	0.633333333333333	1.33886590016434	2.84311502809466	0.247998758583839	0.244107153197709	0.736262347665628	0.324602936258709	0.419939312941703	0.300120223241023	0.225247173682183	0.161878780808823	0.887178654875002	0.146033704490601	0.448494608222056	0.155947063084456	0.342491298467805	0.317147175753488	0.709611680320683	0.233421232642376	0.663214817530103	0.390861971791104
0.333333333333333	0.633333333333333	1.33886590016434	2.07383095198025	0.499800380852714	0.485879008738596	0.505184338363969	0.29474870512937	0.725427378357295	0.642128321077335	0.105618675681387	0.00560657578225354	0.976789021123909	0.0988782747446862	0.246926677709836	0.0468144832969245	0.292614761222498	0.217328869150559	0.81589467671048	0.200143841594458	0.58184584379915	0.309423508658011
1	0.633333333333333	1.33886590016434	2.73159286443742	0.606689054969692	0.504363134043158	0.591985801826872	0.328145719452783	0.774651716828222	0.604082696185977	0	-0.0056091328424146	1.06735156744737	0.247691539598892	0	-0.00635064326468937	0	-0.0056091328424146	1.06735156744737	0.247691539598892	0	-0.00635064326468937
-1	0.9	1.33886590016434	3.18093185202014	0.350914350461551	0.33403297935913	0.682404443882286	0.30954437018226	0.483326815826077	0.468619926423934	0.123283435605313	0.063704607851474	0.921544610954805	0.0798736685372085	0.480209758023634	0.0565675485764807	0.477754842057756	0.474229676414263	0.307241328821335	0.239238316918793	0.670137938865925	0.586953807655564
-0.333333333333333	0.9	1.33886590016434	5.73874436175662	0.203744811039373	0.139682257958939	0.881525298232049	0.11470888329888	0.497728409719365	0.183045564270794	0	-0.0622013413122424	0.989457888884988	0.117211344858273	0	-0.0237344754562814	0.271978191675548	0.164599954853167	0.797589804208319	0.20769996318947	0.536261550620615	0.259555904171815
0.333333333333333	0.9	1.33886590016434	3.30179577184112	0.201727628520333	0.183412744327117	0.698973280223105	0.302170368285202	0.485183708888908	0.359012535928102	0	-0.0136948352925188	1.0023706696974	0.0292126951130446	0	-0.0058192362453704	0.347259348815266	0.334824175589365	0.585477611132217	0.293700467607858	0.654299945954855	0.515069289358513
1	0.9	1.33886590016434	3.14045662319541	0.199411881119529	0.172684041011475	0.765087884859171	0.253271837711483	0.357589094962586	0.187969836907239	0	-0.0209124058815648	0.99524080344775	0.0746184450642853	0	-0.0396466742647652	0.378113357272314	0.33586919142938	0.620901560694213	0.262109679938988	0.551138944580668	0.331300980175473
-1	0.1	4.48140474655716	5.3889064718225	0.0430965495460675	-20.3534052763251	1.54510902898256	1.85555950310591	0.0549945845965166	-18.9188750626877	0	-0.00260899928922531	1.01583945513389	0.285024601871439	0	-0.0395702801867894	0	-0.00260899928922531	1.01583945513389	0.285024601871439	0	-0.0395702801867894
-0.333333333333333	0.1	4.48140474655716	5.73762367483512	0.0295505520936746	0.0199462989509291	1.05524459403099	0.280503271108583	0.114775933824405	0.00653088920473799	0	-0.00228880347749683	1.01539644683423	0.116766290671616	0	-0.0328375880756513	0	-0.00228880347749683	1.01539644683423	0.116766290671616	0	-0.0328375880756513
0.333333333333333	0.1	4.48140474655716	6.1016169256542	0.0680003029086553	-1.0759479491507	1.03692185466911	0.662407220843984	0.159742615539246	-0.580335666137076	0	-0.00642550779783035	1.01785180336541	0.0639409358009201	0	-0.05164119683574	0	-0.00642550779783035	1.01785180336541	0.0639409358009201	0	-0.05164119683574
1	0.1	4.48140474655716	5.53866608872978	0.00806873917726743	-0.0198053360131005	1.0798877292306	0.248535528625894	0.0418977269084821	-0.063199163218338	0	-0.178321345504987	1.25825031242037	0.913892289436397	0	-0.00890463980412459	0	-0.178321345504987	1.25825031242037	0.913892289436397	0	-0.00890463980412459
-1	0.366666666666667	4.48140474655716	6.01726751472937	0.0239682706292583	0.0177813092456696	0.992941014562254	0.248355408375948	0.101115758623159	0.00207850885183314	0	-0.176762791864721	1.00413719238545	0.313299714446292	0	-0.038930894495752	0	-0.176762791864721	1.00413719238545	0.313299714446292	0	-0.038930894495752
-0.333333333333333	0.366666666666667	4.48140474655716	4.99396063547654	0.031843800418581	0.0318109613776316	0.973753196833715	0.146620403659178	0.0753644416956508	0.0183450623249223	0	-0.00999961561311191	1.00852034370183	0.0884605034635839	0	-0.000290752929994698	0	-0.00999961561311191	1.00852034370183	0.0884605034635839	0	-0.000290752929994698
0.333333333333333	0.366666666666667	4.48140474655716	6.4732415199592	0.0260229317836947	-0.00981471999692607	0.964321638644892	0.151225535234777	0.0518324099166876	-0.000926818338548463	0	-0.104206343881303	0.985986247638808	0.196082088013583	0	-0.0692807610968853	0	-0.104206343881303	0.985986247638808	0.196082088013583	0	-0.0692807610968853
1	0.366666666666667	4.48140474655716	4.82037766979836	0.000270987675356605	-0.0135907942045694	0.985621720982201	0.152254112736454	0.00293934773496795	-0.0570255034569425	0	-0.00161410136471418	1.00745693736939	0.0928537432862039	0	-0.0349956355816317	0	-0.00161410136471418	1.00745693736939	0.0928537432862039	0	-0.0349956355816317
-1	0.633333333333333	4.48140474655716	6.43335881091745	0.00104190260837899	-0.381116953351442	1.00658554027022	0.334647589753014	0.0253944092619745	-0.34434682915825	0	-0.0301013573920823	0.995489401378753	0.0194731426975466	0	-0.0585413539556323	0	-0.0301013573920823	0.995489401378753	0.0194731426975466	0	-0.0585413539556323
-0.333333333333333	0.633333333333333	4.48140474655716	5.6213141093178	0.0337044239318958	0.033394191815417	0.979298509761763	0.166951304976671	0.0984492216058973	0.0286817468412601	0	-0.00143528154703154	1.00938184824131	0.078970032037934	0	-0.00273591123474692	0	-0.00143528154703154	1.00938184824131	0.078970032037934	0	-0.00273591123474692
0.333333333333333	0.633333333333333	4.48140474655716	7.09178304573835	0.00109852591054716	-0.00913755081834777	1.01842228231091	0.0878689801935329	0.00424048414904834	-0.0187069689986035	0	-0.00769064564196964	0.999593161808886	0.0038059700052466	0	-0.0218273488307288	0	-0.00769064564196964	0.999593161808886	0.0038059700052466	0	-0.0218273488307288
1	0.633333333333333	4.48140474655716	6.61635206948636	0.0129985000244395	-0.0520268272951703	0.978147144708704	0.231855029381875	0.0633781304084401	-0.0312069464001559	0	-0.000938174166038586	0.999909654621528	0.00177353403123917	0	-0.00250560381047449	0	-0.000938174166038586	0.999909654621528	0.00177353403123917	0	-0.00250560381047449
-1	0.9	4.48140474655716	8.61248578657994	0.000295275828050737	-0.0386393895646646	0.974906254558112	0.149309892375209	0.00101554793251398	-0.0449123159276754	0	-0.0114378142965834	0.998962908336288	0.0273689322157927	0	-0.00302596460362392	0	-0.0114378142965834	0.998962908336288	0.0273689322157927	0	-0.00302596460362392
-0.333333333333333	0.9	4.48140474655716	6.72995420194537	0.0170075820078621	-0.0148285641268533	0.989002777397057	0.170061198895761	0.0303585321546219	0.0207065225653452	0	-0.0030891642978339	1.003665740401	0.0419167492786346	0	-0.00938764929712077	0	-0.0030891642978339	1.003665740401	0.0419167492786346	0	-0.00938764929712077
0.333333333333333	0.9	4.48140474655716	5.92375406878023	0.024794695968425	-0.00485304975999767	0.932193345678929	0.226058406817305	0.0845733284867996	0.049966237466213	0	-0.0402231703286153	0.994776795422612	0.0479030680642143	0	-0.0282720577489748	0	-0.0402231703286153	0.994776795422612	0.0479030680642143	0	-0.0282720577489748
1	0.9	4.48140474655716	5.2558552449468	0.00471902827498892	-0.0110534481250837	0.987630084585719	0.179911013274319	0.00844087576812802	0.00242114835264873	0	-0.0192401865733105	0.997853218938038	0.0193158055321784	0	-0.032062965619178	0	-0.0192401865733105	0.997853218938038	0.0193158055321784	0	-0.032062965619178
-1	0.1	15	7.46233586311781	0.043435832126137	-9.19320681881247	1.86620624535381	2.65059576013294	0.107667283934222	-9.58570439203286	0	-2.14547199100504	1.04394444181926	0.894059742580156	0	-0.71902787869839	0	-2.14547199100504	1.04394444181926	0.894059742580156	0	-0.71902787869839
-0.333333333333333	0.1	15	6.95720907948756	7.97333331554149e-05	-1.14733107312194	1.00764408658456	0.3501063886303	0.000211307787693549	-0.3207131344883	0	-0.0119074340603342	1.00115160267554	0.0596896457834586	0	-0.0312028679681571	0	-0.0119074340603342	1.00115160267554	0.0596896457834586	0	-0.0312028679681571
0.333333333333333	0.1	15	6.8540712278549	0.000817715449687937	-0.649439178222262	0.991334708335096	0.249514329537252	0.0165360067147029	-0.0360703839581424	0	-0.00355333814624426	0.999552197013745	0.0148378744602428	0	-0.0244904963209216	0	-0.00355333814624426	0.999552197013745	0.0148378744602428	0	-0.0244904963209216
1	0.1	15	7.69831611104379	0.00617251530849496	-0.00738888575749908	0.988189893443175	0.132437389901398	0.0253991542245385	-0.0323533526149853	0	-0.00681690791316436	1.00312344115269	0.0359475008268788	0	-0.0319021252159291	0	-0.00681690791316436	1.00312344115269	0.0359475008268788	0	-0.0319021252159291
-1	0.366666666666667	15	8.12016817051561	0.000582286571181038	-0.00101046341595934	1.03440276918475	0.148784679730376	0.0249958036556786	-0.0087555312125025	0	-0.131201403560579	0.997265077531519	0.21590826266388	0	-0.0428687803879386	0	-0.131201403560579	0.997265077531519	0.21590826266388	0	-0.0428687803879386
-0.333333333333333	0.366666666666667	15	6.99129340918146	0.00187682090261969	-0.019790432786104	1.00186478363367	0.0906746435492155	7.67864215897918e-05	-0.0199813023603463	0	-3.9958392723749e-05	1.00053603179476	0.0294073125077597	0	-0.0099468302090846	0	-3.9958392723749e-05	1.00053603179476	0.0294073125077597	0	-0.0099468302090846
0.333333333333333	0.366666666666667	15	9.62815072049854	0.0208604750238901	-0.0465598694649185	1.05302312395016	0.190800269645435	0.0600405796100788	-0.0602639539799807	0	-0.00330022357082527	1.00160385993103	0.0647391571559157	0	-0.0101540398593605	0	-0.00330022357082527	1.00160385993103	0.0647391571559157	0	-0.0101540398593605
1	0.366666666666667	15	7.81110206681793	0.00480347524391353	-0.297761767989214	1.0090533589323	0.155496718724242	0.0042517984216859	-0.0527687276641917	0	-0.0786184037987625	0.999797703829709	0.18373360955824	0	-0.020792353287751	0	-0.0786184037987625	0.999797703829709	0.18373360955824	0	-0.020792353287751
-1	0.633333333333333	15	6.627253858329	0.00467466244263511	-0.207882663780525	1.00759958937594	0.125913713518131	0.00168965110761287	-0.0225497899042175	0	-0.44533206674169	0.987981044393284	0.328981968748124	0	-0.11158148264476	0	-0.44533206674169	0.987981044393284	0.328981968748124	0	-0.11158148264476
-0.333333333333333	0.633333333333333	15	8.17562174115596	0.0108772764891226	-0.135009509226478	1.03078215376144	0.183897443867729	0.057543246333487	-0.084738082409116	0	-0.0283326009872995	1.00264012333015	0.125027729793415	0	-0.00854403408343907	0	-0.0283326009872995	1.00264012333015	0.125027729793415	0	-0.00854403408343907
0.333333333333333	0.633333333333333	15	8.22364736163468	0.00430003117569137	-0.0302540948356673	0.977646404480392	0.151572866027101	0.0629190408585204	0.0326686851714858	0	-0.000748619297658903	1.00712880735918	0.0842551951962493	0	-0.00310714987389971	0	-0.000748619297658903	1.00712880735918	0.0842551951962493	0	-0.00310714987389971
1	0.633333333333333	15	7.59941969071208	0.000854882344959797	-0.0149586043049834	0.977955408440578	0.117399517149415	0.00320005704411908	-0.0310744643262533	0	-0.00107319158271868	0.999921734199477	0.00178153780776035	0	-0.0279143342075312	0	-0.00107319158271868	0.999921734199477	0.00178153780776035	0	-0.0279143342075312
-1	0.9	15	9.05561327104858	0.00325664857740363	-0.000615680847063871	0.974385302688799	0.119999141269421	0.00446781710561718	-0.00716172823649219	0	-0.00163613861162859	0.999864037405529	0.0277125051695024	0	-0.0214247392367874	0	-0.00163613861162859	0.999864037405529	0.0277125051695024	0	-0.0214247392367874
-0.333333333333333	0.9	15	12.9595016319589	0.0392472669832742	0.0284610883095691	0.941560780411443	0.121580214351806	0.149780477332518	0.0613220422595148	0	-0.0500173951696452	0.999539087845047	0.06299996658502	0	-0.00410425724452512	0	-0.0500173951696452	0.999539087845047	0.06299996658502	0	-0.00410425724452512
0.333333333333333	0.9	15	6.63039437236873	0.000513436682696952	-0.0598926101505983	0.990814959355583	0.146192167196765	0.00234596690372772	-0.0275254601249373	0	-0.00222997036083683	1.0007068715949	0.01217939111533	0	-0.00662183792791748	0	-0.00222997036083683	1.0007068715949	0.01217939111533	0	-0.00662183792791748
1	0.9	15	10.8761595076422	0.000444147603056731	-0.131923679264599	1.02575146831676	0.314331836150343	4.06299795457943e-07	-0.0592523620879502	0	-0.0297068746616076	1.02905604017135	0.230961929317186	0	-0.00697582658113638	0	-0.0297068746616076	1.02905604017135	0.230961929317186	0	-0.00697582658113638
-1	0.1	0.4	1.60619396408319	0.365882740252856	0.334511816027942	0.0960315178489499	0.158844824870723	0.350150188333221	0.270381776008729	0.387188828501535	0.336025905992704	0.123029238928289	0.150099412081946	0.369388776422044	0.272622750986618	0.409505875098055	0.356456007675035	0.138321665026029	0.151414437216755	0.389821853115882	0.296097312999114
-0.333333333333333	0.1	0.4	2.17788021523495	0.471639469129464	-0.110153183396304	0.426490894834398	0.30703376185506	0.74890426564677	0.666577052161746	0.27041198412716	0.194011293530911	0.477124037386057	0.163168061331124	0.334472244044113	0.156573209283481	0.320309128515697	0.227946703175743	0.505479291477222	0.177463127837707	0.39807585363341	0.195197954943558
0.333333333333333	0.1	0.4	1.70084648505507	0.820362504547368	0.812559219251991	0.238137693599891	0.191333595840052	0.924842676728009	0.916714272889176	0.36141702002642	0.312287797972026	0.367609376056767	0.218464351704904	0.379143146728191	0.261004234763736	0.375970159825184	0.296079594629703	0.479400597279817	0.248040519063105	0.415595307554916	0.253436259410943
1	0.1	0.4	1.66017775651024	0.542540917679353	-1.47943026798661	0.627948200983563	1.28879039251121	0.573024438274348	-2.0810342198077	0	-0.029016539032134	0.999293722668433	0.131708434420448	0	-0.0162720499071918	0	-0.029016539032134	0.999293722668433	0.131708434420448	0	-0.0162720499071918
-1	0.366666666666667	0.4	1.76063463302679	0.305156371193868	0.284896296445369	0.354049901758475	0.230531022729652	0.327111894452275	0.225950975737355	0	-0.00357678805561745	1.0100460047579	0.124180893433264	0	-0.000923369400303686	0	-0.00357678805561745	1.0100460047579	0.124180893433264	0	-0.000923369400303686
-0.333333333333333	0.366666666666667	0.4	1.17959458861901	0.458026976183103	0.447666736733698	0.475635430514601	0.213676612097358	0.548780830958353	0.461707213615771	0.595211332991493	0.463039906327566	0.542522912963745	0.189483853306794	0.679700747169546	0.444890122754908	0.599375195898129	0.40247767085142	0.652264412688877	0.172321457395883	0.731613502213782	0.394161420899401
0.333333333333333	0.366666666666667	0.4	2.33154206865558	0.35418519559329	0.271842778321959	0.514498488929095	0.348213188059613	0.688692430185385	0.624640123978315	0.225020638177857	0.158494289315804	0.813586270959361	0.136373013624401	0.455649609978593	0.152399550732861	0.280300813004553	0.172195487880746	0.827599250156635	0.118305979998117	0.535453398066768	0.166312345314199
1	0.366666666666667	0.4	1.50909771901432	0.434457957260306	-1.59651011011743	0.903414264486366	1.34138096568249	0.552052574983478	-1.08185331698125	0.408857000431021	0.362197635845097	0.287366531581045	0.178142826143784	0.445242593368385	0.329916135547595	0.440436827694921	0.384318399094145	0.285966276830996	0.207349320166249	0.48642343822221	0.358955621637035
-1	0.633333333333333	0.4	2.12727601964262	0.248468490470253	0.223885132430317	0.600329161261923	0.312731201004453	0.325160439684299	0.202228348010213	0.265128179848546	0.234105033209544	0.625655054738832	0.279803333834824	0.402370011191958	0.20645027376519	0.290757344787497	0.249032473136395	0.642391968271664	0.248060319018238	0.466253969541953	0.233883553130731
-0.333333333333333	0.633333333333333	0.4	1.42011700219764	0.387858936282649	0.330418791329233	0.646392194202462	0.208644712669948	0.61924677174052	0.408047007262301	0.477012499948704	0.456992580592697	0.568103137306624	0.244910406346478	0.685273717784728	0.516226938298346	0.491418368961956	0.436289461124675	0.635279643659126	0.19500012081417	0.713789469514476	0.474206713597912
0.333333333333333	0.633333333333333	0.4	3.35721469719124	0.0748009480819615	0.0537468219031666	0.949195850560021	0.114198192497577	0.204163332967443	0.0628970643663523	0.144444863821102	0.104376602439763	0.885807421018242	0.116969914173005	0.335493981635725	0.115681408390453	0.132783480717277	0.129443913085848	0.812849667563519	0.173738450681123	0.331397109609319	0.182359910533323
1	0.633333333333333	0.4	1.92639468377944	0.234289894652352	0.202073240902871	0.637089361990739	0.23321208135997	0.341448629807799	0.166167835453699	0.324863113474424	0.268562546623444	0.542031350614815	0.201303011179081	0.458322027040697	0.254899549534719	0.354942750272626	0.261450338037624	0.665943115201349	0.201820043683997	0.488613669151761	0.235702032415855
-1	0.9	0.4	2.27961729805234	0.265350505398324	0.00208674194918457	0.764107493235586	0.346041872225344	0.414260610113024	0.356076786071499	0	-0.135028672739525	0.9978677846736	0.237093110339587	0	-0.0477248095807259	0	-0.135028672739525	0.9978677846736	0.237093110339587	0	-0.0477248095807259
-0.333333333333333	0.9	0.4	1.88214846664296	0.347888652040408	0.321629628118052	0.741442109898343	0.183737174335052	0.577420474150454	0.377936092956799	0.438964798284599	0.43279963292819	0.61022038492618	0.200454172056882	0.836607313124092	0.586300617189815	0.394811782692789	0.379087396094397	0.675759340069905	0.190724912184809	0.812750027944343	0.498668668604877
0.333333333333333	0.9	0.4	2.79498713138634	0.0997650161067961	0.062115339186342	0.882399937506604	0.191145860619328	0.32018268561057	0.175648987530488	0	-0.000673193152970875	1.00132050927928	0.0324030139493787	0	-4.34313905033346e-05	0	-0.000673193152970875	1.00132050927928	0.0324030139493787	0	-4.34313905033346e-05
1	0.9	0.4	1.82573533665669	0.247570913744167	0.193531292049731	0.754138368492897	0.218673960404451	0.332534754743792	0.148043231171009	0.300048370667816	0.266794669469305	0.651058553244226	0.21255764531601	0.4576938542075	0.244342893624678	0.351306113567344	0.310041804040211	0.62522097212747	0.225765209395714	0.497647467597212	0.298179995221951
-1	0.1	1.33886590016434	2.34381795938737	0.743666796532186	0.599532623342472	0.391478148019248	0.288625349527282	0.795407879958976	0.557756562173665	0.232587937899821	0.145245868479406	0.65949112128595	0.204857624979843	0.421627288940135	0.0461329535988008	0.632732017902198	0.534542985743587	0.161111284223114	0.148197718626686	0.632922393804442	0.461753974978043
-0.333333333333333	0.1	1.33886590016434	2.82550949810632	0.697959487626442	0.250734652946024	0.704952338119112	0.351534657469224	0.824257699289526	0.376959423067903	0.0821212665169702	0.0545218226161154	0.906299282597468	0.230257410032307	0.229235666068242	-0.000345961098784153	0.558386682284526	0.465045522937238	0.29324839738247	0.261479484414031	0.635268212681249	0.441714863441261
0.333333333333333	0.1	1.33886590016434	2.30975826660596	0.635060624038942	0.0824584237024942	0.663459889024468	0.43507127982038	0.780130247552611	0.332136021651557	0.255972317461413	0.184897990551577	0.64866101186047	0.168781220460763	0.460040879634842	0.146125319456593	0.5822894441192	0.514343308203999	0.230080656695354	0.182272066378375	0.630139309946714	0.483870998913221
1	0.1	1.33886590016434	2.30754729422217	0.752106026261804	0.652289340270367	0.249725818407022	0.236534968216459	0.791188720846273	0.615950055827972	0	-0.00010175732219464	1.1328657829857	0.241871552002552	0	-0.185558418103204	0	-0.00010175732219464	1.1328657829857	0.241871552002552	0	-0.185558418103204
-1	0.366666666666667	1.33886590016434	2.4003427881288	0.719748901576989	0.0838951724728072	0.691450141216425	0.401816253114176	0.823187930879428	0.179320848823109	0	-0.347903299753174	1.1444397961676	0.48335830224202	0	-0.00320111172822313	0	-0.347903299753174	1.1444397961676	0.48335830224202	0	-0.00320111172822313
-0.333333333333333	0.366666666666667	1.33886590016434	2.8168842809035	0.386547800791106	0.340652555330907	0.660122256996445	0.250290487439873	0.626805117092998	0.370218527402085	0	-0.00780436236821891	1.00470771250402	0.0313073307790878	0	-0.026171695223653	0.385286663436193	0.383776181310327	0.647221249302854	0.286210206568841	0.75996493011727	0.604706713704388
0.333333333333333	0.366666666666667	1.33886590016434	2.18495334959698	0.395321195471418	0.315289807780436	0.502456556913616	0.338883790587733	0.688496405642256	0.675978350842283	0.21277741688336	0.203258811496046	0.77972896165999	0.271196122184918	0.457938077426627	0.240138310849445	0.410167557591468	0.382887702052307	0.601035375493378	0.229596398389169	0.668478089070094	0.444142584236682
1	0.366666666666667	1.33886590016434	2.52623473843664	0.687118542759281	0.676202330339965	0.619886713861461	0.350219615747033	0.744301029322145	0.729203668295961	0.222268070851439	0.0933898943232508	0.875632452760438	0.138788228225879	0.419881924491035	0.00573917788747347	0.576219891236168	0.503837478218618	0.370518617429723	0.251457127448005	0.642180588189009	0.469463637156638
-1	0.633333333333333	1.33886590016434	2.59953283041278	0.277944919362921	0.265742165581865	0.615532271800727	0.330302400597513	0.479552274800339	0.296441555472831	0.18640179733989	0.116687224274605	0.84866249754032	0.119103512157986	0.457477217485011	0.0869165438160568	0.416436824635612	0.325586616150604	0.569189136841749	0.222842384037351	0.532057589448871	0.292082925758389
-0.333333333333333	0.633333333333333	1.33886590016434	2.94686622934796	0.198755128866994	0.134990106373089	0.802107097286579	0.315054376483337	0.319784200997912	0.246195056849291	0.0967263496710167	0.0817567049672601	0.925074477034903	0.105977633075529	0.306579671430158	0.099510240398556	0.272351480252754	0.254828236769207	0.760939155821283	0.216098955738924	0.556340141105608	0.327771720735005
0.333333333333333	0.633333333333333	1.33886590016434	2.89778079982571	0.397059330544211	0.386249987512287	0.574030227590007	0.278570240461189	0.68335898730505	0.613697012937747	0.183452576041607	0.0589507310475028	0.955437301744335	0.09734237641723	0.636041920825829	0.0719257289169297	0.370322480305124	0.259459098872187	0.782684619268613	0.138956953848782	0.761755455052768	0.320037299705256
1	0.633333333333333	1.33886590016434	2.73142798452788	0.217543147410658	0.157078146804084	0.640310181180403	0.311915821126748	0.325446719429022	0.129648264328794	0.188900727461643	0.0836752518876779	0.897096696408239	0.17688702174088	0.353732782568381	0.0538969782857746	0.356277027880334	0.317260103093103	0.45897564267818	0.268299470817427	0.504264478230955	0.329605585507481
-1	0.9	1.33886590016434	3.00001976102179	0.317208417582009	0.286343729999777	0.707324586817953	0.26276624116104	0.5156720356488	0.286380115338508	0.285512051515149	0.131974471347982	0.883888653131577	0.0940345726721119	0.4500886023016	0.0829140422834035	0.397303987809048	0.374675630346278	0.544328160658421	0.299098537509022	0.523654445213263	0.367262927950617
-0.333333333333333	0.9	1.33886590016434	3.37499734351628	0.278061453504645	0.254205158869992	0.791110127695119	0.240195567446733	0.48893883425233	0.295374163689402	0	-0.00187326377678665	1.0000814676529	0.0513762499878795	0	-0.000732144614274288	0.116756904332784	0.103069171731826	0.815623324804771	0.259166882429144	0.322295474392774	0.229179673652661
0.333333333333333	0.9	1.33886590016434	2.32205252721167	0.331938664723598	0.278671281795287	0.683732881535489	0.257721183947344	0.591977297633472	0.401911592626544	0.234784275992525	0.234686298371448	0.705358512859404	0.280665010920424	0.528229234873038	0.381435049682969	0.338022712945884	0.337842669435679	0.595484633097302	0.353501223139623	0.551995582549993	0.468078297205562
